600
0.971667
0.476667
0.295000
0.191667
0.988333
0.891667
0.976667
0.820000
0.415000
0.701667
0.603333
0.711667
0.483333
0.431667
0.938333
0.876667
0.900000
0.710000
0.286667
0.226667
0.018333
0.613333
0.945000
0.715000
0.303333
0.883333
0.103333
0.871667
0.111667
0.891667
0.548333
0.670000
0.370000
0.430000
0.448333
0.945000
0.321667
0.426667
0.351667
0.736667
0.715000
0.955000
0.035000
0.198333
0.973333
0.561667
0.663333
0.873333
0.858333
0.950000
0.688333
0.876667
0.151667
0.633333
0.593333
0.455000
0.103333
0.283333
0.326667
0.801667
0.175000
0.875000
0.473333
0.545000
0.893333
0.508333
0.076667
0.215000
0.521667
0.428333
0.540000
0.825000
0.970000
0.575000
0.023333
0.945000
0.723333
0.273333
0.405000
0.583333
0.811667
0.680000
0.460000
0.963333
0.313333
0.640000
0.005000
0.418333
0.923333
0.331667
0.220000
0.100000
0.793333
0.280000
0.231667
0.686667
0.376667
0.310000
0.490000
0.898333
0.325000
0.616667
0.723333
0.296667
0.778333
0.335000
0.828333
0.503333
0.195000
0.820000
0.086667
0.593333
0.501667
0.133333
0.143333
0.401667
0.775000
0.148333
0.406667
0.698333
0.066667
0.215000
0.385000
0.861667
0.495000
0.618333
0.135000
0.458333
0.515000
0.211667
0.945000
0.426667
0.828333
0.255000
0.310000
0.608333
0.176667
0.138333
0.698333
0.373333
0.546667
0.785000
0.553333
0.048333
0.505000
0.698333
0.450000
0.280000
0.846667
0.858333
0.566667
0.915000
0.660000
0.538333
0.363333
0.741667
0.743333
0.085000
0.201667
0.258333
0.298333
0.146667
0.273333
0.713333
0.401667
0.583333
0.321667
0.166667
0.723333
0.606667
0.540000
0.856667
0.978333
0.093333
0.905000
0.485000
0.378333
0.941667
0.765000
0.226667
0.386667
0.918333
0.728333
0.046667
0.458333
0.678333
0.790000
0.201667
0.763333
0.991667
0.048333
0.061667
0.725000
0.321667
0.363333
0.713333
0.905000
0.685000
0.880000
0.215000
0.293333
0.006667
0.071667
0.271667
0.688333
0.563333
0.343333
0.066667
0.506667
0.696667
0.880000
0.480000
0.615000
0.195000
0.528333
0.660000
0.873333
0.905000
0.450000
0.638333
0.483333
0.498333
0.286667
0.208333
0.406667
0.650000
0.508333
0.898333
0.923333
0.976667
0.115000
0.803333
0.570000
0.773333
0.661667
0.845000
0.925000
0.006667
0.913333
0.018333
0.703333
0.380000
0.498333
0.905000
0.576667
0.613333
0.566667
0.036667
0.518333
0.016667
0.675000
0.001667
0.101667
0.550000
0.796667
0.508333
0.200000
0.893333
0.406667
0.710000
0.870000
0.108333
0.513333
0.026667
0.470000
0.763333
0.873333
0.395000
0.770000
0.373333
0.000000
0.060000
0.753333
0.498333
0.965000
0.916667
0.113333
0.118333
0.955000
0.218333
0.135000
0.216667
0.221667
0.823333
0.766667
0.605000
0.331667
0.968333
0.498333
0.326667
0.265000
0.955000
0.021667
0.780000
0.983333
0.491667
0.543333
0.443333
0.473333
0.900000
0.816667
0.473333
0.960000
0.570000
0.560000
0.511667
0.075000
0.260000
0.631667
0.030000
0.478333
0.353333
0.246667
0.286667
0.765000
0.015000
0.893333
0.683333
0.570000
0.978333
0.010000
0.835000
0.521667
0.620000
0.201667
0.091667
0.698333
0.331667
0.535000
0.173333
0.231667
0.351667
0.233333
0.778333
0.508333
0.380000
0.878333
0.583333
0.640000
0.096667
0.200000
0.706667
0.036667
0.448333
0.993333
0.801667
0.050000
0.473333
0.486667
0.620000
0.453333
0.083333
0.041667
0.975000
0.703333
0.831667
0.066667
0.403333
0.163333
0.188333
0.163333
0.983333
0.540000
0.983333
0.348333
0.635000
0.365000
0.226667
0.220000
0.591667
0.323333
0.006667
0.298333
0.948333
0.455000
0.293333
0.750000
0.091667
0.766667
0.236667
0.298333
0.806667
0.321667
0.341667
0.368333
0.611667
0.173333
0.021667
0.601667
0.923333
0.210000
0.765000
0.906667
0.336667
0.336667
0.843333
0.973333
0.701667
0.070000
0.780000
0.880000
0.981667
0.786667
0.180000
0.930000
0.830000
0.060000
0.680000
0.921667
0.413333
0.505000
0.221667
0.221667
0.413333
0.150000
0.590000
0.611667
0.910000
0.613333
0.215000
0.833333
0.410000
0.980000
0.328333
0.748333
0.316667
0.171667
0.721667
0.605000
0.828333
0.088333
0.486667
0.810000
0.875000
0.253333
0.326667
0.291667
0.313333
0.595000
0.215000
0.726667
0.100000
0.023333
0.535000
0.100000
0.173333
0.713333
0.711667
0.083333
0.913333
0.926667
0.503333
0.323333
0.495000
0.831667
0.071667
0.398333
0.003333
0.380000
0.005000
0.833333
0.468333
0.078333
0.230000
0.931667
0.918333
0.558333
0.223333
0.231667
0.153333
0.025000
0.545000
0.840000
0.048333
0.081667
0.940000
0.808333
0.381667
0.238333
0.891667
0.295000
0.166667
0.396667
0.618333
0.248333
0.815000
0.278333
0.646667
0.820000
0.658333
0.238333
0.240000
0.715000
0.316667
0.470000
0.233333
0.235000
0.615000
0.043333
0.053333
0.768333
0.070000
0.600000
0.195000
0.705000
0.268333
0.135000
0.515000
0.650000
0.375000
0.993333
0.945000
0.128333
0.390000
0.150000
0.376667
0.206667
0.428333
0.023333
0.613333
0.675000
0.263333
0.853333
0.976667
0.166667
0.910000
0.210000
0.990000
0.526667
0.253333
0.630000
0.881667
0.910000
0.816667
0.078333
0.616667
0.085000
0.800000
0.718333
0.321667
0.761667
0.711667
0.853333
0.476667
0.690000
0.591667
0.853333
0.483333
0.020000
0.465000
0.683333
0.281667
0.315000
0.123333
0.258333
0.068333
0.033333
0.055000
0.645000
0.146667
0.896667
0.276667
0.616667
0.806667
0.093333
0.695000
0.010000
0.766667
0.081667
0.728333
0.675000
0.431667
0.028333
0.530000
0.908333
0.305000
0.121667
0.763333
0.788333
0.728333
0.815000
0.471667
0.011667
0.130000
0.595000
0.856667
0.785000
0.215000
0.500000
0.431667
0.363333
0.396667
0.708333
0.980000
0.790000
0.388333
0.261667
0.801667
0.155000
0.930000
